59.03818440123039
59.129841509827436
59.22149861842449
59.31315572702154
59.404812835618586
59.49646994421563
59.58812705281268
59.679784161409735
59.77144127000678
59.86309837860383
59.954755487200885
60.04641259579793
60.13806970439498
60.22972681299203
60.321383921589074
60.41304103018613
60.504698138783176
60.596355247380224
60.68801235597728
60.779669464574326
60.87132657317137
60.96298368176842
61.05464079036547
61.14629789896252
61.23795500755957
61.32961211615662
61.42126922475367
61.51292633335072
61.60458344194777
61.696240550544815
61.78789765914186
61.87955476773891
61.971211876335964
62.06286898493301
62.154526093530066
62.24618320212711
62.33784031072416
62.42949741932121
62.521154527918256
62.6128116365153
62.70446874511236
62.796125853709405
62.88778296230646
62.97944007090351
63.071097179500555
63.1627542880976
63.25441139669465
63.3460685052917
63.437725613888745
63.5293827224858
63.62103983108285
63.7126969396799
63.80435404827695
63.896011156873996
63.987668265471044
64.07932537406809
64.17098248266514
64.2626395912622
64.35429669985925
64.4459538084563
64.53761091705334
64.62926802565039
64.72092513424744
64.81258224284448
64.90423935144153
64.99589646003858
65.08755356863563
65.17921067723269
65.27086778582974
65.36252489442678
65.45418200302383
65.54583911162088
65.63749622021793
65.72915332881499
65.82081043741204
65.91246754600908
66.00412465460613
66.09578176320318
66.18743887180023
66.27909598039727
66.37075308899432
66.46241019759137
66.55406730618841
66.64572441478546
66.73738152338252
66.82903863197957
66.92069574057662
67.01235284917367
67.10400995777071
67.19566706636776
67.28732417496482
67.37898128356187
67.47063839215892
67.56229550075597
67.65395260935301
67.74560971795006
67.83726682654711
67.92892393514416
68.0205810437412
68.11223815233825
68.20389526093531
68.29555236953236
68.3872094781294
68.47886658672645
68.5705236953235
