57.22252741609714
57.20342794603179
57.184328475966446
57.1652290059011
57.146129535835755
57.12703006577041
57.107930595705064
57.08883112563972
57.06973165557437
57.05063218550903
57.03153271544368
57.01243324537834
56.99333377531299
56.97423430524765
56.95513483518231
56.93603536511696
56.916935895051616
56.89783642498627
56.878736954920925
56.85963748485558
56.84053801479023
56.82143854472489
56.80233907465954
56.7832396045942
56.76414013452885
56.74504066446351
56.72594119439816
56.70684172433282
56.68774225426748
56.66864278420213
56.649543314136785
56.630443844071436
56.611344374006094
56.592244903940745
56.5731454338754
56.55404596381006
56.53494649374471
56.51584702367937
56.49674755361402
56.47764808354868
56.45854861348333
56.43944914341799
56.420349673352646
56.4012502032873
56.382150733221955
56.363051263156606
56.343951793091264
56.324852323025915
56.30575285296057
56.28665338289523
56.26755391282988
56.24845444276454
56.22935497269919
56.21025550263385
56.1911560325685
56.17205656250316
56.152957092437816
56.13385762237247
56.114758152307125
56.095658682241776
56.076559212176434
56.057459742111085
56.03836027204574
56.019260801980394
56.00016133191505
55.98106186184971
55.96196239178436
55.94286292171902
55.92376345165367
55.90466398158833
55.885564511522986
55.86646504145764
55.847365571392295
55.828266101326946
55.809166631261604
55.790067161196255
55.77096769113091
55.751868221065564
55.73276875100022
55.71366928093488
55.69456981086953
55.67547034080419
55.65637087073884
55.6372714006735
55.61817193060815
55.59907246054281
55.579972990477465
55.560873520412116
55.541774050346774
55.522674580281425
55.50357511021608
55.484475640150734
55.46537617008539
55.44627670002005
55.4271772299547
55.40807775988936
55.38897828982401
55.36987881975867
55.35077934969332
55.33167987962798
55.31258040956263
55.293480939497286
55.274381469431944
55.255281999366595
55.23618252930125
