61.231892388845615
61.30174377577728
61.37159516270896
61.44144654964062
61.51129793657229
61.58114932350396
61.651000710435625
61.72085209736729
61.79070348429896
61.860554871230626
61.93040625816229
62.00025764509396
62.07010903202563
62.1399604189573
62.20981180588896
62.279663192820635
62.3495145797523
62.41936596668397
62.489217353615636
62.5590687405473
62.62892012747897
62.69877151441064
62.768622901342304
62.83847428827397
62.908325675205646
62.97817706213731
63.04802844906898
63.11787983600065
63.187731222932314
63.25758260986398
63.32743399679565
63.397285383727315
63.46713677065898
63.536988157590656
63.606839544522316
63.67669093145399
63.74654231838566
63.816393705317324
63.88624509224899
63.95609647918066
64.02594786611232
64.09579925304399
64.16565063997567
64.23550202690733
64.305353413839
64.37520480077066
64.44505618770233
64.514907574634
64.58475896156567
64.65461034849733
64.724461735429
64.79431312236068
64.86416450929234
64.93401589622401
65.00386728315567
65.07371867008735
65.143570057019
65.21342144395068
65.28327283088234
65.35312421781401
65.42297560474569
65.49282699167735
65.56267837860902
65.63252976554068
65.70238115247236
65.77223253940402
65.84208392633569
65.91193531326735
65.98178670019902
66.05163808713068
66.12148947406236
66.19134086099402
66.26119224792569
66.33104363485737
66.40089502178903
66.4707464087207
66.54059779565236
66.61044918258403
66.6803005695157
66.75015195644737
66.82000334337903
66.8898547303107
66.95970611724238
67.02955750417404
67.09940889110571
67.16926027803737
67.23911166496904
67.3089630519007
67.37881443883238
67.44866582576404
67.51851721269571
67.58836859962739
67.65821998655905
67.7280713734907
67.79792276042238
67.86777414735406
67.93762553428571
68.00747692121739
68.07732830814905
68.14717969508072
68.2170310820124
68.28688246894406
68.35673385587572
68.42658524280739
68.49643662973907
